1-Point Coin Heads Probability: 0.45
Optimzed Probability: 0.555342733959
High Var to Low Var Thresh: [1, 3, 5, 7, 9, 11, 12, 13, 12, 13, 12, 13, 12, 13, 12, 13, 12, 13, 12, 13, 10, 11, 12, 13, 12, 13, 10, 11, 12, 13, 10, 9, 10, 11, 12, 9, 10, 11, 8, 9, 10, 11, 8, 9, 10, 9, 10, 9, 10, 9, 10, 9, 8, 9, 6, 7, 8, 9, 6, 7, 8, 7, 8, 5, 6, 7, 6, 7, 6, 7, 4, 5, 6, 5, 6, 5, 6, 5, 6, 5, 4, 5, 4, 5, 4, 5, 4, 3, 4, 3, 4, 3, 4, 3, 2, 3, 2, 3, 2, 1]

1-Point Coin Heads Probability: 0.4
Optimzed Probability: 0.527917279748
High Var to Low Var Thresh: [1, 3, 5, 7, 9, 11, 13, 15, 17, 19, 20, 21, 20, 21, 20, 21, 20, 21, 22, 21, 22, 23, 20, 21, 20, 21, 20, 21, 18, 19, 20, 21, 20, 21, 18, 17, 18, 19, 16, 17, 18, 17, 18, 17, 18, 17, 14, 15, 16, 17, 14, 13, 14, 15, 12, 13, 14, 13, 14, 13, 12, 13, 10, 11, 12, 9, 10, 11, 8, 9, 10, 9, 10, 9, 10, 9, 8, 9, 6, 7, 8, 7, 6, 7, 6, 7, 4, 5, 6, 5, 4, 5, 4, 3, 4, 3, 2, 3, 2, 1]

1-Point Coin Heads Probability: 0.35
Optimzed Probability: 0.51377721791
High Var to Low Var Thresh: [1, 3, 5, 7, 9, 11, 13, 15, 17, 19, 21, 23, 25, 27, 28, 29, 28, 29, 30, 31, 32, 33, 32, 33, 28, 29, 28, 29, 28, 29, 28, 29, 28, 29, 26, 25, 24, 25, 26, 25, 24, 25, 22, 23, 24, 21, 20, 21, 22, 21, 22, 21, 20, 21, 18, 17, 18, 19, 16, 17, 18, 17, 18, 17, 14, 15, 16, 13, 12, 13, 14, 13, 14, 13, 10, 11, 12, 9, 10, 11, 8, 9, 8, 9, 8, 9, 6, 7, 6, 5, 6, 5, 4, 5, 4, 3, 4, 3, 2, 1]
0.3

1-Point Coin Heads Probability: 0.3
Optimzed Probability: 0.50875881508
High Var to Low Var Thresh: [1, 3, 5, 7, 9, 11, 13, 15, 17, 19, 21, 23, 25, 27, 29, 31, 33, 35, 36, 37, 36, 37, 36, 37, 36, 37, 36, 37, 36, 37, 36, 37, 36, 37, 36, 33, 32, 33, 32, 33, 32, 33, 30, 29, 28, 29, 28, 29, 28, 29, 26, 25, 24, 25, 24, 25, 22, 21, 22, 23, 20, 21, 22, 21, 20, 21, 18, 17, 18, 17, 18, 17, 16, 17, 14, 13, 14, 13, 12, 13, 12, 13, 10, 9, 10, 9, 8, 9, 8, 7, 6, 7, 6, 5, 4, 5, 4, 3, 2, 1]

1-Point Coin Heads Probability: 0.25
Optimzed Probability: 0.506687550325
High Var to Low Var Thresh: [1, 3, 5, 7, 9, 11, 13, 15, 17, 19, 21, 23, 25, 27, 29, 31, 33, 35, 37, 39, 41, 43, 44, 45, 44, 45, 44, 45, 44, 45, 44, 41, 40, 41, 40, 41, 40, 41, 40, 37, 36, 37, 36, 37, 36, 37, 34, 33, 32, 33, 32, 33, 30, 29, 28, 29, 28, 29, 26, 25, 26, 25, 26, 25, 24, 25, 22, 21, 20, 21, 20, 21, 18, 17, 18, 17, 16, 17, 14, 13, 14, 13, 12, 13, 10, 11, 10, 9, 8, 9, 8, 7, 6, 5, 6, 5, 4, 3, 2, 1]

1-Point Coin Heads Probability: 0.2
Optimzed Probability: 0.506974863758
High Var to Low Var Thresh: [1, 3, 5, 7, 9, 11, 13, 15, 17, 19, 21, 23, 25, 27, 29, 31, 33, 35, 37, 39, 41, 43, 45, 47, 49, 51, 52, 53, 52, 49, 48, 49, 48, 49, 48, 45, 44, 45, 44, 45, 44, 41, 40, 41, 42, 41, 40, 41, 38, 37, 36, 37, 36, 33, 32, 33, 32, 33, 32, 29, 28, 29, 28, 29, 26, 25, 26, 25, 24, 25, 22, 21, 22, 21, 20, 21, 18, 17, 16, 17, 16, 13, 14, 13, 12, 13, 12, 11, 10, 9, 8, 9, 6, 7, 6, 5, 4, 3, 2, 1]

1-Point Coin Heads Probability: 0.15
Optimzed Probability: 0.506642876577
High Var to Low Var Thresh: [1, 3, 5, 7, 9, 11, 13, 15, 17, 19, 21, 23, 25, 27, 29, 31, 33, 35, 37, 39, 41, 43, 45, 47, 49, 51, 53, 55, 56, 57, 56, 57, 56, 53, 52, 53, 52, 49, 48, 49, 48, 49, 48, 45, 44, 45, 44, 45, 44, 41, 40, 41, 40, 37, 36, 37, 36, 37, 36, 33, 32, 33, 32, 29, 28, 29, 28, 29, 26, 25, 26, 25, 24, 23, 22, 21, 20, 21, 18, 17, 18, 17, 16, 15, 14, 13, 12, 13, 10, 9, 10, 9, 8, 7, 6, 5, 4, 3, 2, 1]

1-Point Coin Heads Probability: 0.1
Optimzed Probability: 0.507009280895
High Var to Low Var Thresh: [1, 3, 5, 7, 9, 11, 13, 15, 17, 19, 21, 23, 25, 27, 29, 31, 33, 35, 37, 39, 41, 43, 45, 47, 49, 51, 53, 55, 57, 59, 60, 61, 60, 61, 60, 57, 56, 57, 56, 53, 52, 53, 52, 49, 48, 49, 48, 49, 48, 45, 44, 45, 44, 41, 40, 41, 40, 37, 38, 37, 36, 37, 34, 33, 32, 33, 32, 29, 28, 29, 28, 25, 26, 25, 24, 23, 22, 21, 20, 21, 18, 17, 16, 17, 16, 13, 14, 13, 12, 11, 10, 9, 8, 7, 6, 5, 4, 3, 2, 1]

1-Point Coin Heads Probability: 0.05
Optimzed Probability: 0.507043612639
High Var to Low Var Thresh: [3, 5, 7, 9, 11, 13, 15, 17, 19, 21, 23, 25, 27, 29, 31, 33, 35, 37, 39, 41, 43, 45, 47, 49, 51, 53, 55, 57, 59, 61, 63, 65, 66, 65, 62, 61, 60, 61, 58, 57, 56, 57, 56, 57, 54, 53, 52, 53, 50, 49, 48, 49, 46, 45, 44, 45, 42, 41, 40, 41, 38, 37, 36, 37, 34, 33, 32, 33, 30, 29, 30, 29, 28, 27, 26, 25, 24, 23, 22, 21, 20, 19, 18, 17, 16, 15, 14, 13, 12, 11, 10, 9, 8, 7, 6, 5, 4, 3, 2, 2]
